 -1862412061
   210302219
 -1893544260
  -827498926
  -621061259
  -692314750
 -1755785793
 -1354043763
  1547344266
   -62698281
   -49080927
 -1170798440
  -355964936
   817374998
  1477260835
   877440593
  1499537784
  -845219382
  -210440508
   947108182
   -45965397
  1810150437
   475077299
  -468021579
  1338392085
 -1552482367
   119154360
  -455763999
 -1960162881
  -593512340
   621552981
  1287585391
  -321978638
 -1143263984
  1473965921
 -1653393091
 -1419261382
   731125969
  1040648304
  1489764145
 -1514957494
 -1915328234
  1450266341
  -686832836
  1426450002
  1983615677
  -179692603
  2003213883
 -2063663734
  1539723205
  -943164179
 -1448954938
   529384582
    53364168
    74830424
   461201853
  -540567073
   920772049
   173397819
   792482414
  -916377804
  1505261433
   918301716
  -502328353
 -1919012603
 -2073750762
 -2068791598
 -1866198433
  1610140838
 -1770555998
  1138818965
  1102492950
   828992080
 -1773764533
  -432219979
 -1906291671
 -1701511048
  -248995115
  1681513054
  1075686060
   481533277
  1412981151
   -72327773
  1199145167
 -1956753161
  -343051701
  1539039271
 -1587914724
   722347831
 -1584008717
  1665449567
  1297119194
  1909966900
  1770289706
 -1848525451
 -1610694673
 -2065719904
   959427312
  -817535490
 -1485226710
   -19737543
 -1386343310
  1794029611
 -1482359408
  -967563609
 -2092636799
 -1043312936
   796491531
  1850896036
  1756783994
   690573492
  -340032567
   959690189
  -929063344
  -670248415
   599385708
  -342631281
 -1050889040
   775257565
 -2074931269
  -953189496
 -1648208580
  1935635907
   206315830
  1230680996
 -1381886074
   574349603
   870842605
  2093088821
 -1010178849
  1773455134
  -579109402
   509787317
  -546938672
 -1220037021
   561766192
 -1398231131
  1814016136
 -1214347987
  1446767240
  1823622382
  1666482689
  1961597836
  1917479027
   -90106331
  -483633428
  -305922407
    66382743
   768039755
   955686434
  -130535548
 -1040764361
 -1527447233
   888151612
 -1534651068
  -336471519
 -1772034692
 -1707709023
  1610797125
  1930286009
  1183379650
 -1992221301
   455860881
 -1423046217
  -408446572
 -1086907541
  -511559455
  -997312390
 -1461466604
 -2028310042
   665491255
   729556239
  -524188883
   608456976
  -627205755
  -671050678
 -1628314226
 -1505223284
   -54062863
  -890122975
  1459660301
   273756441
 -1073540854
  1029147153
   126063333
  1737854033
 -1583835087
   932867218
  1555756530
   -93282553
   269152882
   913621962
  -114424618
 -1084344133
 -1933228482
  2097925617
  -206299649
    74117262
   712259050
 -1282094667
  -781008342
  1636796439
  -646413463
 -2086444011
  -791162247
   -17324206
   934888247
   312345105
  1686317319
 -1472674223
  1090321363
 -1903805108
 -1508401504
 -2123790356
 -1668453545
  1082903155
  -723624794
 -1710761725
 -1940958424
 -1398027749
 -1756478373
   932768210
 -1315647032
   479279794
   935645924
   153733215
  1106543954
  1383075886
   670501120
    41542561
 -1461422012
  1236931253
  1952803739
   574112400
 -1723592089
  1352912500
   917538081
  2079614365
  2030848813
  1369323381
   432411773
   741550397
  1509336554
  1090921901
  2110953041
 -1408256796
 -1995535364
  1695578381
  1010908779
  1214195658
  1644500234
 -2134417825
  -987327740
  1992569292
   346046437
  2136336853
  1428988794
   147272968
   -72225420
  1215809448
  1002458069
 -1341353893
  -213438511
 -2142402784
 -1994434735
  -634497182
 -1195844624
  1473247218
   287208645
 -1274907629
  1936360803
   917727315
  -558750404
 -1865695138
  -137058640
 -1674676554
 -2049680311
  -709638327
  -774498785
  1472032584
   269467069
  -935811369
 -1677238694
 -1984333698
 -1202049697
   602080726
 -1117578437
 -1541732332
 -1111845227
 -1515079027
  1425310920
 -1858731473
 -1377173917
  1226901716
 -1137919976
  -377528908
 -1971156459
  -149805387
 -1922981874
  -108370029
  -152329918
 -2042573601
  2077454198
 -2020102337
   413108469
  -782353589
   311866226
 -1925912385
 -1732595996
 -1095340920
 -2108433005
   -78454121
   854736012
  -571296637
 -1884615237
  -655600222
 -1947841287
  1956874422
  2123802714
  -729912845
  -186848304
  -127676370
   458646664
 -1447677422
 -1593659893
  1783589996
 -1887496016
  1348967709
    19628790
   127711531
  -156245027
  -185979809
   -56988801
 -1937474194
  1969613039
  1067863222
 -1129448669
    81690082
 -1524098935
   751427232
  1273458639
  1983269820
 -1622945397
  -475459342
  -428577755
 -1359405416
  -617765333
   329039099
  -163973324
  1628593730
  -585172371
  1920704922
   484308933
  -635517036
  1924178837
  1255597939
 -1039079458
 -1592619607
 -1541569499
  -739437184
 -1418619482
 -1973671482
  1711857488
 -1750333302
 -1319896162
 -1931370158
  2062456386
 -1983115691
   -27150906
  -630030219
   494664800
   341577829
  -119455623
  -392760564
  1939054173
   161556306
  -600159408
 -1281595841
  1524743449
 -1075663784
   992008086
  -694677312
    71488846
   102833733
  -216216027
   772837453
  -373073195
  -184193977
  1720980882
 -1799936457
   406672239
  1394700947
  2062905264
   346682636
  -955086266
  1918695829
 -1766010001
  1353143193
 -1242838320
   487682150
   140917586
  1874644632
   231438952
 -1919190129
   538387832
 -1769030709
 -2101664118
   545044151
   228010885
  -516827832
  1431193120
   -78962575
  -763045173
  1025968948
  1220268154
   199430586
  1611423218
   645312313
   604459962
  1136443451
   636680982
  -930355997
 -1483272412
    70241731
  1929969105
  2137976137
 -1145259762
 -1830012541
  -432286923
  -204537508
   626918875
 -1068914800
  1660183131
 -1897432389
   999156876
 -1748851424
  1733395354
  -172864154
 -2117192161
 -1762614478
  -193098441
 -1002693450
  -718660713
   102078516
  -731357169
  -976818707
  1301206766
 -1847044539
 -1981637845
   161281155
   601410710
   607352049
  1667684546
   273360348
   663494890
 -1613046063
 -1251458499
  -627008361
  1362201650
  -154400827
  -353078309
  -729804465
   396852714
  1657833179
 -1734943785
   432559145
    15540174
 -1712901050
   716818164
  -494036765
  -861293813
   228955211
  1729039038
  2103195559
   457831496
  1164499174
 -1935717504
   297758546
  1506379698
  -168398060
  -572916707
 -1895955604
  1967061795
  1207972309
 -1025667937
   220742751
   307077425
  -782831847
  -595654347
 -1551657900
  1076075348
  2126259832
   -18472740
 -1079278333
 -1532937735
  -535404592
   394261775
  1391513339
   835244269
  1503186667
   503080645
 -1810065256
 -1809429042
  -944862129
  -512349900
  1363360188
  2064788453
   288232569
 -1671371205
 -1558540254
  -452399913
 -1250889975
  -196230403
  1556440463
  -428952186
   152807219
 -1308408618
  1326028145
  1788729503
  1086017743
  1698208135
   -89502726
 -2003641202
  1274831462
 -1572446275
  -309620988
 -1956257700
  -876190479
  1812081390
  -156310527
 -1741263779
  1823091654
  -545820768
   593985234
     4473325
  2085639285
  1010034049
 -1918259260
 -2143006673
  -629240661
 -1808503342
  1650120330
   981275933
  1603781079
 -1939774336
   245473468
  -702328668
   477617980
  1770822385
  -925779142
   -67351443
  -566520140
 -2032937871
   705541049
  1365779260
 -1002409914
  -905543263
  1856090976
   843938156
   976066999
   200812777
  -861545215
   795462316
     1333767
   649600974
  -938118745
   399443887
  1137290093
  1047400316
  1316900498
   707122694
  -666532641
  1853924999
 -1886719535
 -1947040444
 -1487330100
  1018073304
   452051536
 -1058795805
  2091155969
    53354117
  -548266352
  -474953374
  -513299799
  1647210158
  -766852959
 -1086871472
   -95924328
  -223815320
 -1137586580
 -1742049777
 -1140429531
   265819426
   588416829
  -766845618
   -32294668
   746792820
  1447694420
 -1831288812
    47580674
 -1722480846
 -1855387534
  1691995526
  -706384660
  1516944077
 -1504664497
   311741748
  1673395143
   627157462
  -189328241
 -1105381103
 -1555300441
  -670412866
 -1360559091
  -143845751
  -357539583
    86206394
  1080093878
  -467218979
  1011878796
  1138321457
   422070208
   131739435
  -676372402
 -1321448458
   783102948
   162601341
  1875089953
 -1302358504
   445633692
 -1328304290
   773279945
  1141029671
   878493767
  1368200869
  1547425694
  -307304794
   484002750
  -884314233
  2124278591
   829223487
   734406515
  1392582169
   417780461
  -458720745
  1978103833
  -994265456
  1468186526
  -375893505
 -2015397485
  1069435159
    43224948
 -1596657542
 -1410164432
 -1922841923
 -1002789797
  2018160262
    -7408530
  -617213868
  -808678642
  2122947663
 -1848950392
  -594175652
  1761598536
  1489303998
   423439055
 -1559776424
   631083685
   837439303
    55357712
 -1822517885
   303469087
  -915924375
   615219025
  1488317619
   761868533
  1148610463
 -1427089630
   299153889
 -1579290717
  -680156690
 -1665702320
   778626846
 -1432488137
  1402969731
 -1633661331
   -79882546
   449514113
  -709695596
   887825366
 -1663520637
   126246479
  1022970003
 -1695113334
  2026840099
  1916357632
  -553585364
 -2143553222
 -1487314663
  2111030889
   856757795
   321273520
  1157890970
  -463601155
  -975943017
      645064
  2017214384
  -328427778
  1645560922
   398442056
  -477696809
  1179808703
  1702065463
   373369098
  1791394485
  -377319202
  -941917279
  2063910349
 -1082571461
 -1053960891
 -1209945508
 -1381423215
  -951455395
  -288626956
  2058588516
  1729935807
  1391985548
   517244498
   479131149
   842795572
 -1646506494
  1156993469
 -1861946714
  -568155222
  1325144751
  -744454467
  1520259855
 -1506429557
 -1365052281
  1940303317
 -2016086336
   756687326
   651835626
  1208454118
  1158371879
  -680024498
  1827115827
   660476862
  1390142963
 -1514135792
  -224667359
   484418543
   993101086
   558692996
  -554574140
  2056231116
  1719300405
 -1559708656
   -53118799
 -1618029469
 -1528790147
 -1524196828
  -123632141
 -1428586732
  -365650531
  1232560246
  -618624399
    52487319
  -288571304
  1843527740
  1320355986
 -1786403781
 -2024161253
  -486264795
  1772135260
   258784459
  1034239607
  -142162485
 -1093249886
  1362799685
   708178145
  -441260393
   706309605
   123924463
   620562812
 -1290602870
  1718995345
  -898215841
  1986365237
   993379880
  1486506791
 -1598687992
  1349660025
 -2075598130
  -769913288
  -927974895
   799892684
  -614549405
 -1478464109
  -289775334
 -1805006113
  -595632322
  1824859169
 -1325028609
 -1215290233
   494538804
    61295016
  -908173169
  1623514148
  1434952575
  1289638137
  -679501087
  1377944299
   151185936
   920813970
 -1806487561
 -1908238094
 -1100458095
  -223023615
   907803966
 -1049122937
    62850233
 -1423338119
  1883226097
  1785666584
   313624817
    20495627
   846788839
  -817583795
  -641037050
  1876227014
 -1135007944
 -1016859416
   521049190
   644053750
 -1813982725
  -826946327
 -1498982811
  1443335278
 -2019817380
   214757241
 -1952242408
  -945598834
 -1905341643
  -854220356
 -2103981448
  -190936051
   547382011
  -568728623
   738617271
  -190223205
   499867607
   395696629
    52442131
   277213142
  2013118909
   376410940
  1001099968
   575971430
  -350690294
   113077116
  -716594837
  -765141056
  1988209915
  1751545178
 -1526812704
  1390648400
 -1870943773
 -1023062286
  1631761338
   431909293
  -364928040
  -488426121
  1503544629
   757400785
  1084062026
  1004528420
  -612377561
 -1505188677
  1438861917
  -630697627
  -187413411
  1818178521
  -412244137
  1756089959
  1072345497
  -116689172
  1415223719
 -1542344721
  -890991421
 -1798017510
 -1421972000
  1033761629
  -398788555
   178779224
  -963443882
  -655215189
   210940614
 -2110382136
  1777598257
 -1149930030
 -1778813928
  -601265418
 -1280572653
  -662392868
  -241657737
 -1390323150
 -1198108692
 -1117376987
  1116800515
   759416866
  1907368468
 -1502920042
 -2113345135
  -298085264
  -620611509
  1147765630
  1994337731
  -463618674
 -1235577229
  -619538676
   -77113937
  1315730430
  -527502824
 -1370155188
  -257231683
 -1702279739
  2035162226
  1848637738
 -1042096409
   116000385
   925221293
   -33361250
  1279443479
  1456473852
   884530713
   193970335
 -1110124426
  -577900006
  2043112036
  -465098402
  -170389312
  -608609749
 -1297729143
 -1231235344
   661013803
 -1849950473
  -585155135
  2068556965
   612479021
   861535907
  1359454815
 -1560919542
  -202095943
  1175642842
  -671852406
  1991858121
 -1088467165
 -1958615238
   607535344
  -531890989
  1048226392
  1259622364
  1744830800
   949897300
 -2089406743
 -1402604699
 -1819111072
    37432415
  1748831575
  -976517251
 -2020970771
  1078599902
   483837884
  -923206925
   263216812
  1055632462
  1016800577
  1446252299
  2073102741
  1892246025
  -648581970
  1998207364
 -1828903109
  -239568809
  2026869749
 -1388393811
  1478156747
  -898167423
  -531565088
  1323004812
  -661526996
  -587864827
   398193418
 -1989069743
  1299817584
  -124700745
  -187871199
  1939073171
  -325739621
